0.0006199	0.99993
1.19679	1.44799
2.39296	1.43171
3.58913	1.4031
4.7853	1.35235
5.98147	1.26711
7.17764	1.03991
8.37382	0.467511
9.56999	2.76416
10.7662	2.06749
11.9623	1.61703
13.1585	1.77927
14.3547	1.63729
15.5508	1.54011
16.747	1.44323
17.9432	1.324
19.1394	1.08907
20.3355	0.584021
21.5317	1.9516
22.7279	2.93436
23.924	2.89383
25.1202	2.72373
26.3164	2.57791
27.5125	2.46933
28.7087	2.3811
29.9049	2.32356
31.1011	2.27388
32.2972	2.2387
33.4934	2.20636
34.6896	2.18059
35.8857	2.15627
37.0819	2.13703
38.2781	2.12124
39.4743	2.10631
40.6704	2.09645
41.8666	2.0904
43.0628	2.08466
44.2589	2.07922
45.4551	2.07405
46.6513	2.06914
47.8475	2.06446
49.0436	2.06
50.2398	2.05574
51.436	2.05168
52.6321	2.04779
53.8283	2.04407
55.0245	2.0405
56.2206	2.03708
57.4168	2.0338
58.613	2.03065
59.8092	2.02761
61.0053	2.0247
62.2015	2.02189
63.3977	2.01918
64.5938	2.01657
65.79	2.01406
66.9862	2.01162
68.1824	2.00928
69.3785	2.00701
70.5747	2.00481
71.7709	2.00269
72.967	2.00063
74.1632	1.99864
75.3594	1.99671
76.5555	1.99484
77.7517	1.99302
78.9479	1.99126
80.1441	1.98955
81.3402	1.98789
82.5364	1.98628
83.7326	1.9847
84.9287	1.98318
86.1249	1.98169
87.3211	1.98025
88.5173	1.97884
89.7134	1.97747
90.9096	1.97613
92.1058	1.97483
93.3019	1.97356
94.4981	1.97232
95.6943	1.97111
96.8905	1.96994
98.0866	1.96878
99.2828	1.96766
100.479	1.96688
101.675	1.96659
102.871	1.9663
104.067	1.96602
105.264	1.96575
106.46	1.96548
107.656	1.96522
108.852	1.96497
110.048	1.96472
111.245	1.96447
112.441	1.96423
113.637	1.964
114.833	1.96377
116.029	1.96355
117.225	1.96333
118.422	1.96311
119.618	1.9629
120.814	1.96269
122.01	1.96249
123.206	1.96229
124.402	1.9621
125.599	1.96194
126.795	1.96183
127.991	1.96172
129.187	1.96161
130.383	1.9615
131.579	1.9614
132.776	1.9613
133.972	1.9612
135.168	1.9611
136.364	1.961
137.56	1.9609
138.756	1.96081
139.953	1.96072
141.149	1.96063
142.345	1.96054
143.541	1.96045
144.737	1.96036
145.933	1.96028
147.13	1.9602
148.326	1.96011
149.522	1.96003
150.718	1.95995
151.914	1.95988
153.11	1.9598
154.307	1.95972
155.503	1.95965
156.699	1.95957
157.895	1.9595
159.091	1.95943
160.288	1.95936
161.484	1.95929
162.68	1.95922
163.876	1.95915
165.072	1.95909
166.268	1.95902
167.465	1.95897
168.661	1.95893
169.857	1.95889
171.053	1.95885
172.249	1.95881
173.445	1.95877
174.642	1.95873
175.838	1.95869
177.034	1.95865
178.23	1.95861
179.426	1.95857
180.622	1.95854
181.819	1.9585
183.015	1.95846
184.211	1.95843
185.407	1.95839
186.603	1.95836
187.799	1.95833
188.996	1.95829
190.192	1.95826
191.388	1.95823
192.584	1.95819
193.78	1.95816
194.976	1.95813
196.173	1.9581
197.369	1.95807
198.565	1.95804
199.761	1.95801
200.957	1.95798
202.153	1.95795
203.35	1.95792
204.546	1.95789
205.742	1.95786
206.938	1.95783
208.134	1.95781
209.331	1.95778
210.527	1.95775
211.723	1.95772
212.919	1.9577
214.115	1.95767
215.311	1.95764
216.508	1.95762
217.704	1.95759
218.9	1.95757
220.096	1.95754
221.292	1.95752
222.488	1.95749
223.685	1.95747
224.881	1.95745
226.077	1.95742
227.273	1.9574
228.469	1.95738
229.665	1.95735
230.862	1.95733
232.058	1.95731
233.254	1.95729
234.45	1.95727
235.646	1.95724
236.842	1.95722
238.039	1.9572
239.235	1.95718
240.431	1.95716
241.627	1.95714
242.823	1.95712
244.019	1.9571
245.216	1.95708
246.412	1.95706
247.608	1.95704
248.804	1.95702
250	1.957
251.196	1.95698
252.393	1.95696
253.589	1.95694
254.785	1.95692
255.981	1.95691
257.177	1.95689
258.374	1.95687
259.57	1.95685
260.766	1.95683
261.962	1.95682
263.158	1.9568
264.354	1.95678
265.551	1.95677
266.747	1.95675
267.943	1.95673
269.139	1.95672
270.335	1.9567
271.531	1.95668
272.728	1.95667
273.924	1.95665
275.12	1.95663
276.316	1.95662
277.512	1.9566
278.708	1.95659
279.905	1.95657
281.101	1.95656
282.297	1.95654
283.493	1.95653
284.689	1.95651
285.885	1.9565
287.082	1.95648
288.278	1.95647
289.474	1.95645
290.67	1.95644
291.866	1.95643
293.062	1.95641
294.259	1.9564
295.455	1.95638
296.651	1.95637
297.847	1.95636
299.043	1.95634
300.239	1.95633
301.436	1.95632
302.632	1.9563
303.828	1.95629
305.024	1.95628
306.22	1.95627
307.417	1.95625
308.613	1.95624
309.809	1.95623
311.005	1.95622
312.201	1.9562
313.397	1.95619
314.594	1.95618
315.79	1.95617
316.986	1.95615
318.182	1.95614
319.378	1.95613
320.574	1.95612
321.771	1.95611
322.967	1.9561
324.163	1.95609
325.359	1.95607
326.555	1.95606
327.751	1.95605
328.948	1.95604
330.144	1.95603
331.34	1.95602
332.536	1.95601
333.732	1.956
334.928	1.95599
336.125	1.95598
337.321	1.95596
338.517	1.95595
339.713	1.95594
340.909	1.95593
342.105	1.95592
343.302	1.95591
344.498	1.9559
345.694	1.95589
346.89	1.95588
348.086	1.95587
349.282	1.95586
350.479	1.95585
351.675	1.95584
352.871	1.95583
354.067	1.95582
355.263	1.95581
356.46	1.95581
357.656	1.9558
358.852	1.95579
360.048	1.95578
361.244	1.95577
362.44	1.95576
363.637	1.95575
364.833	1.95574
366.029	1.95573
367.225	1.95572
368.421	1.95571
369.617	1.95571
370.814	1.9557
372.01	1.95569
373.206	1.95568
374.402	1.95567
375.598	1.95566
376.794	1.95565
377.991	1.95565
379.187	1.95564
380.383	1.95563
381.579	1.95562
382.775	1.95561
383.971	1.9556
385.168	1.9556
386.364	1.95559
387.56	1.95558
388.756	1.95557
389.952	1.95556
391.148	1.95556
392.345	1.95555
393.541	1.95554
394.737	1.95553
395.933	1.95553
397.129	1.95552
398.325	1.95551
399.522	1.9555
400.718	1.9555
401.914	1.95549
403.11	1.95548
404.306	1.95547
405.503	1.95547
406.699	1.95546
407.895	1.95545
409.091	1.95544
410.287	1.95544
411.483	1.95543
412.68	1.95542
413.876	1.95542
415.072	1.95541
416.268	1.9554
417.464	1.9554
418.66	1.95539
419.857	1.95538
421.053	1.95538
422.249	1.95537
423.445	1.95536
424.641	1.95536
425.837	1.95535
427.034	1.95534
428.23	1.95534
429.426	1.95533
430.622	1.95532
431.818	1.95532
433.014	1.95531
434.211	1.9553
435.407	1.9553
436.603	1.95529
437.799	1.95528
438.995	1.95528
440.191	1.95527
441.388	1.95527
442.584	1.95526
443.78	1.95525
444.976	1.95525
446.172	1.95524
447.368	1.95524
448.565	1.95523
449.761	1.95522
450.957	1.95522
452.153	1.95521
453.349	1.95521
454.546	1.9552
455.742	1.95519
456.938	1.95519
458.134	1.95518
459.33	1.95518
460.526	1.95517
461.723	1.95517
462.919	1.95516
464.115	1.95515
465.311	1.95515
466.507	1.95514
467.703	1.95514
468.9	1.95513
470.096	1.95513
471.292	1.95512
472.488	1.95512
473.684	1.95511
474.88	1.95511
476.077	1.9551
477.273	1.9551
478.469	1.95509
479.665	1.95508
480.861	1.95508
482.057	1.95507
483.254	1.95507
484.45	1.95506
485.646	1.95506
486.842	1.95505
488.038	1.95505
489.234	1.95504
490.431	1.95504
491.627	1.95503
492.823	1.95503
494.019	1.95502
495.215	1.95502
496.411	1.95501
497.608	1.95501
498.804	1.955
500	1.955
